$ 1 0.0000049999999999999996 3.046768661252054 57 5 43
s 352 224 416 224 0 1 false
d 96 144 96 80 1 0.805904783
d 96 240 96 176 1 0.805904783
w 96 160 176 160 0
w 96 144 96 160 0
w 96 160 96 176 0
g 96 240 96 256 0
w 96 160 80 160 0
t 288 224 256 224 0 1 -12.943827456158566 0.1326447536851775 400
r 80 160 16 160 0 100
r 176 160 176 80 0 4700
209 288 80 288 128 0 0.00033 13.999980350890693 1
g 288 128 288 144 0
w 96 80 176 80 0
w 176 80 288 80 0
r 176 160 176 208 0 100000
r 176 208 176 256 0 33000
g 176 256 176 272 0
O 176 208 224 208 1
R 448 80 496 80 0 0 40 14 0 0 0.5
r 288 224 352 224 0 47000
g 256 240 256 256 0
r 256 160 256 208 0 100
w 176 160 256 160 0
R 416 224 448 224 0 0 40 3 0 0 0.5
R 416 480 448 480 0 0 40 3 0 0 0.5
w 176 416 256 416 0
r 256 416 256 464 0 100
g 256 496 256 512 0
r 288 480 352 480 0 47000
O 176 464 224 464 1
g 176 512 176 528 0
r 176 464 176 512 0 33000
r 176 416 176 464 0 100000
w 176 336 288 336 0
w 96 336 176 336 0
g 288 384 288 400 0
209 288 336 288 384 0 0.00033 13.0568378651722 1
r 176 416 176 336 0 4700
r 80 416 16 416 0 100
t 288 480 256 480 0 1 -12.924193126767248 0.13264473640181007 400
w 96 416 80 416 0
g 96 496 96 512 0
w 96 416 96 432 0
w 96 400 96 416 0
w 96 416 176 416 0
d 96 496 96 432 1 0.805904783
d 96 400 96 336 1 0.805904783
s 352 480 416 480 0 1 false
w 16 160 16 416 0
O 288 336 384 336 1
r 288 80 368 80 0 0.1
370 448 80 368 80 1 0
O 16 160 -80 160 1
M 176 464 144 464 2 1
M 176 208 144 208 2 1
x 130 67 230 70 4 24 MASTER
x 360 200 391 203 4 16 RA5
x -97 307 3 310 4 24 COM\sline
x 126 321 201 324 4 24 SLAVE
x 360 456 391 459 4 16 RA5
o 30 64 0 4102 40 0.1 0 2 50 0
